Python 3.7.4 (tags/v3.7.4:e09359112e, Jul  8 2019, 19:29:22) [MSC v.1916 32 bit (Intel)] on win32
Type "help", "copyright", "credits" or "license()" for more information.
>>> 
=============== RESTART: F:\982\ml\FinalProject\PIE\gen-pie.py ===============
mean of any class :

{1: array([0.18755767, 0.22629181, 0.24068952, ..., 0.12204369, 0.1264659 ,
       0.10494413]), 2: array([0.19610114, 0.20431589, 0.21535864, ..., 0.28817943, 0.2955958 ,
       0.28469435]), 3: array([0.25706603, 0.25826773, 0.25870711, ..., 0.17433247, 0.1806113 ,
       0.15094651]), 4: array([0.0396082 , 0.03768274, 0.04081171, ..., 0.30449647, 0.3019042 ,
       0.30176939]), 5: array([0.18946367, 0.20163062, 0.20071439, ..., 0.1840005 , 0.19237637,
       0.15494918]), 6: array([0.06662738, 0.08135633, 0.09931769, ..., 0.16840362, 0.18666847,
       0.23700944]), 7: array([0.13945285, 0.13687212, 0.1366454 , ..., 0.23864115, 0.25559328,
       0.26312824]), 8: array([0.19548227, 0.20290261, 0.21301939, ..., 0.16246107, 0.1564659 ,
       0.15247225]), 9: array([0.20262868, 0.22327422, 0.24779159, ..., 0.18507281, 0.18845372,
       0.18609393]), 10: array([0.16317798, 0.15882858, 0.16108492, ..., 0.10249423, 0.09893022,
       0.1035705 ]), 11: array([0.208945  , 0.2129264 , 0.2236343 , ..., 0.2671857 , 0.25338668,
       0.20218606]), 12: array([0.11115989, 0.12431589, 0.1543249 , ..., 0.19305616, 0.19038711,
       0.20108384]), 13: array([0.12241422, 0.12603193, 0.13377992, ..., 0.20505262, 0.2112828 ,
       0.21961181]), 14: array([0.11830089, 0.14612277, 0.17225382, ..., 0.30987457, 0.30148212,
       0.27904087]), 15: array([0.0600847 , 0.06157944, 0.07595588, ..., 0.11314627, 0.09442078,
       0.07818916]), 16: array([0.23314014, 0.23210784, 0.22886931, ..., 0.17454909, 0.19153366,
       0.24617971]), 17: array([0.3372185 , 0.32735186, 0.32019824, ..., 0.1681286 , 0.16969543,
       0.17216948]), 18: array([0.16292748, 0.16730717, 0.17315456, ..., 0.15936815, 0.19194204,
       0.17022636]), 19: array([0.22753821, 0.228063  , 0.226445  , ..., 0.30984357, 0.29928561,
       0.24742142]), 20: array([0.0507371 , 0.05969399, 0.08356077, ..., 0.06990484, 0.07656142,
       0.09585136]), 21: array([0.07684941, 0.0913001 , 0.10807598, ..., 0.28137832, 0.26740448,
       0.24961505]), 22: array([0.05136174, 0.053617  , 0.05871576, ..., 0.29475382, 0.29669694,
       0.25981726]), 23: array([0.23595624, 0.25391544, 0.2768595 , ..., 0.20727761, 0.25119666,
       0.27769031]), 24: array([0.04651204, 0.04309076, 0.03924921, ..., 0.2636808 , 0.2695354 ,
       0.2799863 ]), 25: array([0.32099121, 0.31267049, 0.30966299, ..., 0.35334667, 0.40058679,
       0.41719291]), 26: array([0.17752667, 0.20186851, 0.22301903, ..., 0.17741818, 0.22785215,
       0.27388769]), 27: array([0.24774618, 0.25788783, 0.27239223, ..., 0.1741919 , 0.17442654,
       0.16617106]), 28: array([0.27928201, 0.270656  , 0.2634703 , ..., 0.22032115, 0.21387147,
       0.20226391]), 29: array([0.17719327, 0.18734645, 0.19997189, ..., 0.2675191 , 0.27078035,
       0.2740297 ]), 30: array([0.08942078, 0.1234685 , 0.1736552 , ..., 0.25093137, 0.17087731,
       0.07835352]), 31: array([0.21476824, 0.21709991, 0.21946223, ..., 0.18108636, 0.19543217,
       0.19970877]), 32: array([0.18314158, 0.18097246, 0.17745278, ..., 0.24274978, 0.20792388,
       0.17412702]), 33: array([0.23451593, 0.24037774, 0.24569168, ..., 0.16580594, 0.1694889 ,
       0.17660143]), 34: array([0.16232519, 0.17356041, 0.18113935, ..., 0.22236808, 0.22051218,
       0.22886967]), 35: array([0.15867827, 0.19807382, 0.2386653 , ..., 0.07844507, 0.0690315 ,
       0.09220516]), 36: array([0.27117178, 0.26800966, 0.26121504, ..., 0.16226824, 0.1615643 ,
       0.16309653]), 37: array([0.15179678, 0.15848292, 0.16351535, ..., 0.17129109, 0.16918793,
       0.16783881]), 38: array([0.15448238, 0.13152835, 0.13602194, ..., 0.25761336, 0.16998633,
       0.1646816 ]), 39: array([0.13068087, 0.14662305, 0.15803741, ..., 0.28879217, 0.28171352,
       0.22172181]), 40: array([0.14869305, 0.16950115, 0.19697304, ..., 0.24585604, 0.20746287,
       0.15353338]), 41: array([0.14190131, 0.14493656, 0.15365304, ..., 0.31805399, 0.33520257,
       0.35987421]), 42: array([0.15813653, 0.16315816, 0.1704419 , ..., 0.22966515, 0.24024185,
       0.24976211]), 43: array([0.15457721, 0.15761498, 0.1596046 , ..., 0.29310554, 0.27867467,
       0.27330594]), 44: array([0.157992  , 0.19097967, 0.22868404, ..., 0.19879505, 0.21645905,
       0.24851355]), 45: array([0.19420091, 0.2095527 , 0.2250364 , ..., 0.13234105, 0.1297513 ,
       0.1278489 ]), 46: array([0.17956315, 0.17506488, 0.18081819, ..., 0.17349769, 0.16460604,
       0.16212514]), 47: array([0.32187536, 0.32846489, 0.32960892, ..., 0.06659314, 0.06582757,
       0.06812644]), 48: array([0.23666198, 0.25000577, 0.26694601, ..., 0.18958297, 0.18588163,
       0.15713452]), 49: array([0.21404952, 0.23746251, 0.27067078, ..., 0.20801975, 0.22063617,
       0.26085784]), 50: array([0.10558319, 0.11089713, 0.12508687, ..., 0.32435085, 0.33380226,
       0.35785287]), 51: array([0.0447066 , 0.04722102, 0.04801182, ..., 0.03194168, 0.03196331,
       0.03454621]), 52: array([0.06417532, 0.08132425, 0.10435193, ..., 0.28186022, 0.2861033 ,
       0.29286548]), 53: array([0.18793901, 0.18936887, 0.19694925, ..., 0.19810409, 0.20488033,
       0.21067979]), 54: array([0.19584054, 0.21706315, 0.24071655, ..., 0.25025952, 0.24944673,
       0.25133398]), 55: array([0.13476788, 0.1459703 , 0.15575043, ..., 0.2777141 , 0.28061635,
       0.27909242]), 56: array([0.32457108, 0.31987961, 0.31836253, ..., 0.22383506, 0.21998522,
       0.21211289]), 57: array([0.14053273, 0.14532187, 0.15330918, ..., 0.07936491, 0.08481582,
       0.10413567]), 58: array([0.26981257, 0.28164792, 0.29457793, ..., 0.21999604, 0.12718894,
       0.10004866]), 59: array([0.18349157, 0.21786981, 0.27161404, ..., 0.18744269, 0.18844795,
       0.19528186]), 60: array([0.20394247, 0.20316861, 0.21127091, ..., 0.17069601, 0.17426651,
       0.17755659]), 61: array([0.2848014 , 0.29545343, 0.31200512, ..., 0.21004578, 0.20433355,
       0.20170271]), 62: array([0.10266796, 0.10813257, 0.11232591, ..., 0.15414937, 0.14628857,
       0.14119954]), 63: array([0.08304066, 0.09712839, 0.11559148, ..., 0.04697989, 0.04680111,
       0.04766652]), 64: array([0.17676579, 0.19997513, 0.2251157 , ..., 0.09328359, 0.11001045,
       0.12051615]), 65: array([0.26102112, 0.27301543, 0.28337154, ..., 0.17723075, 0.17907908,
       0.18107843]), 66: array([0.29775699, 0.32059616, 0.34330342, ..., 0.19891616, 0.23103914,
       0.27287918]), 67: array([0.29092741, 0.30692186, 0.33065888, ..., 0.17222643, 0.16172542,
       0.12415874]), 68: array([0.11907331, 0.14659278, 0.16229491, ..., 0.17569565, 0.18101103,
       0.18935878])} 
 

------------------------------------------------------------
covariance of any class :

{1: array([[ 1.58545422e-02,  1.85614831e-02,  1.80928886e-02, ...,
        -8.87279297e-04, -1.20949414e-04, -4.30117500e-04],
       [ 1.85614831e-02,  2.31032658e-02,  2.30147485e-02, ...,
        -6.67488053e-04,  7.36618259e-04, -3.91904582e-05],
       [ 1.80928886e-02,  2.30147485e-02,  2.34048708e-02, ...,
        -5.07584111e-04,  1.42762587e-03,  5.69634817e-04],
       ...,
       [-8.87279297e-04, -6.67488053e-04, -5.07584111e-04, ...,
         1.22350740e-02,  1.19228353e-02,  8.58749680e-03],
       [-1.20949414e-04,  7.36618259e-04,  1.42762587e-03, ...,
         1.19228353e-02,  1.45116046e-02,  1.09940597e-02],
       [-4.30117500e-04, -3.91904582e-05,  5.69634817e-04, ...,
         8.58749680e-03,  1.09940597e-02,  9.04974164e-03]]), 2: array([[0.01695252, 0.01662323, 0.01609617, ..., 0.00267531, 0.00287181,
        0.00328599],
       [0.01662323, 0.01648838, 0.01619966, ..., 0.00542892, 0.00557668,
        0.00598223],
       [0.01609617, 0.01619966, 0.01629626, ..., 0.00781153, 0.00788427,
        0.00831225],
       ...,
       [0.00267531, 0.00542892, 0.00781153, ..., 0.11311041, 0.11137038,
        0.11033171],
       [0.00287181, 0.00557668, 0.00788427, ..., 0.11137038, 0.11144547,
        0.11138616],
       [0.00328599, 0.00598223, 0.00831225, ..., 0.11033171, 0.11138616,
        0.11340134]]), 3: array([[ 0.02260419,  0.02202508,  0.02181109, ..., -0.00308419,
        -0.00220898, -0.00205113],
       [ 0.02202508,  0.02183185,  0.02183203, ..., -0.00349649,
        -0.00259417, -0.00242066],
       [ 0.02181109,  0.02183203,  0.0219975 , ..., -0.00346272,
        -0.0024919 , -0.0024086 ],
       ...,
       [-0.00308419, -0.00349649, -0.00346272, ...,  0.0302614 ,
         0.03205171,  0.02605923],
       [-0.00220898, -0.00259417, -0.0024919 , ...,  0.03205171,
         0.03456118,  0.02782446],
       [-0.00205113, -0.00242066, -0.0024086 , ...,  0.02605923,
         0.02782446,  0.02483886]]), 4: array([[ 0.00269342,  0.00224348,  0.00184781, ..., -0.00139845,
        -0.0018013 , -0.00195633],
       [ 0.00224348,  0.00189787,  0.00159926, ..., -0.00138051,
        -0.00169837, -0.00183663],
       [ 0.00184781,  0.00159926,  0.00147395, ..., -0.00179441,
        -0.0019408 , -0.00199162],
       ...,
       [-0.00139845, -0.00138051, -0.00179441, ...,  0.11855349,
         0.11838595,  0.11781771],
       [-0.0018013 , -0.00169837, -0.0019408 , ...,  0.11838595,
         0.12099746,  0.12165617],
       [-0.00195633, -0.00183663, -0.00199162, ...,  0.11781771,
         0.12165617,  0.12305756]]), 5: array([[ 0.01950309,  0.02065643,  0.02045252, ...,  0.00098223,
         0.00165526,  0.0029766 ],
       [ 0.02065643,  0.02412714,  0.02456906, ..., -0.00087979,
        -0.00044148,  0.00194293],
       [ 0.02045252,  0.02456906,  0.02658188, ..., -0.00446932,
        -0.0046471 , -0.00067611],
       ...,
       [ 0.00098223, -0.00087979, -0.00446932, ...,  0.03748613,
         0.04031235,  0.02937513],
       [ 0.00165526, -0.00044148, -0.0046471 , ...,  0.04031235,
         0.04723899,  0.03677002],
       [ 0.0029766 ,  0.00194293, -0.00067611, ...,  0.02937513,
         0.03677002,  0.03366335]]), 6: array([[ 0.00251573,  0.00294297,  0.00314177, ..., -0.00361536,
        -0.00422734, -0.00550101],
       [ 0.00294297,  0.00393602,  0.00448661, ..., -0.0043979 ,
        -0.00492225, -0.00599918],
       [ 0.00314177,  0.00448661,  0.00550349, ..., -0.00384334,
        -0.00399305, -0.00428888],
       ...,
       [-0.00361536, -0.0043979 , -0.00384334, ...,  0.04464   ,
         0.05105056,  0.06350726],
       [-0.00422734, -0.00492225, -0.00399305, ...,  0.05105056,
         0.06088831,  0.07847728],
       [-0.00550101, -0.00599918, -0.00428888, ...,  0.06350726,
         0.07847728,  0.10579225]]), 7: array([[ 0.01972047,  0.01977496,  0.01999989, ..., -0.00997499,
        -0.0116652 , -0.01211733],
       [ 0.01977496,  0.01989437,  0.02019771, ..., -0.01088309,
        -0.01264382, -0.01314107],
       [ 0.01999989,  0.02019771,  0.02065827, ..., -0.01179289,
        -0.0137322 , -0.01430828],
       ...,
       [-0.00997499, -0.01088309, -0.01179289, ...,  0.117909  ,
         0.11709876,  0.11628086],
       [-0.0116652 , -0.01264382, -0.0137322 , ...,  0.11709876,
         0.11799651,  0.11800323],
       [-0.01211733, -0.01314107, -0.01430828, ...,  0.11628086,
         0.11800323,  0.11856547]]), 8: array([[ 0.0218395 ,  0.02156033,  0.02091752, ..., -0.00673282,
        -0.00652416, -0.00623553],
       [ 0.02156033,  0.0215581 ,  0.0212388 , ..., -0.00577423,
        -0.0055934 , -0.00531037],
       [ 0.02091752,  0.0212388 ,  0.02148354, ..., -0.00476609,
        -0.00456954, -0.00426308],
       ...,
       [-0.00673282, -0.00577423, -0.00476609, ...,  0.03311745,
         0.03307568,  0.0329538 ],
       [-0.00652416, -0.0055934 , -0.00456954, ...,  0.03307568,
         0.03363246,  0.03357639],
       [-0.00623553, -0.00531037, -0.00426308, ...,  0.0329538 ,
         0.03357639,  0.03379827]]), 9: array([[ 0.02578124,  0.02553178,  0.02426554, ..., -0.00874214,
        -0.00892965, -0.00905096],
       [ 0.02553178,  0.02617402,  0.02580276, ..., -0.00691175,
        -0.00710821, -0.00723472],
       [ 0.02426554,  0.02580276,  0.02654026, ..., -0.00374048,
        -0.00398828, -0.00413312],
       ...,
       [-0.00874214, -0.00691175, -0.00374048, ...,  0.04051059,
         0.03995038,  0.03882247],
       [-0.00892965, -0.00710821, -0.00398828, ...,  0.03995038,
         0.04022951,  0.03980722],
       [-0.00905096, -0.00723472, -0.00413312, ...,  0.03882247,
         0.03980722,  0.04048668]]), 10: array([[ 0.02201184,  0.02176781,  0.02160502, ..., -0.00389688,
        -0.00309955, -0.00301695],
       [ 0.02176781,  0.02163239,  0.02147308, ..., -0.00395383,
        -0.00316659, -0.00316149],
       [ 0.02160502,  0.02147308,  0.02142749, ..., -0.00383265,
        -0.00302618, -0.00289643],
       ...,
       [-0.00389688, -0.00395383, -0.00383265, ...,  0.00713211,
         0.0066411 ,  0.00704488],
       [-0.00309955, -0.00316659, -0.00302618, ...,  0.0066411 ,
         0.00650047,  0.00710816],
       [-0.00301695, -0.00316149, -0.00289643, ...,  0.00704488,
         0.00710816,  0.0083377 ]]), 11: array([[ 0.02768514,  0.02740769,  0.02645277, ..., -0.01617982,
        -0.01522936, -0.01139541],
       [ 0.02740769,  0.02755174,  0.02690003, ..., -0.01480723,
        -0.01387138, -0.01009675],
       [ 0.02645277,  0.02690003,  0.02679894, ..., -0.0095808 ,
        -0.00901507, -0.00720531],
       ...,
       [-0.01617982, -0.01480723, -0.0095808 , ...,  0.11326058,
         0.10494756,  0.06957146],
       [-0.01522936, -0.01387138, -0.00901507, ...,  0.10494756,
         0.09847153,  0.0666574 ],
       [-0.01139541, -0.01009675, -0.00720531, ...,  0.06957146,
         0.0666574 ,  0.0504768 ]]), 12: array([[ 0.02843012,  0.02742188,  0.02535946, ..., -0.00363888,
        -0.00272129, -0.00262205],
       [ 0.02742188,  0.02667471,  0.02507488, ..., -0.00402498,
        -0.00312558, -0.0028525 ],
       [ 0.02535946,  0.02507488,  0.0246935 , ..., -0.00567773,
        -0.00491468, -0.0046962 ],
       ...,
       [-0.00363888, -0.00402498, -0.00567773, ...,  0.05856881,
         0.0553092 ,  0.05233541],
       [-0.00272129, -0.00312558, -0.00491468, ...,  0.0553092 ,
         0.05671101,  0.05610852],
       [-0.00262205, -0.0028525 , -0.0046962 , ...,  0.05233541,
         0.05610852,  0.05904224]]), 13: array([[ 0.01139916,  0.01095557,  0.01034906, ..., -0.00787398,
        -0.0075973 , -0.00759729],
       [ 0.01095557,  0.01064456,  0.01017962, ..., -0.00721591,
        -0.00694861, -0.00695329],
       [ 0.01034906,  0.01017962,  0.01010419, ..., -0.00550556,
        -0.00532104, -0.00541091],
       ...,
       [-0.00787398, -0.00721591, -0.00550556, ...,  0.04087902,
         0.04156585,  0.04233887],
       [-0.0075973 , -0.00694861, -0.00532104, ...,  0.04156585,
         0.04275998,  0.04384201],
       [-0.00759729, -0.00695329, -0.00541091, ...,  0.04233887,
         0.04384201,  0.04523404]]), 14: array([[ 0.00963001,  0.01076604,  0.01137654, ..., -0.01133311,
        -0.01094339, -0.0096324 ],
       [ 0.01076604,  0.01298503,  0.01423689, ..., -0.01202372,
        -0.01174511, -0.01101446],
       [ 0.01137654,  0.01423689,  0.01616007, ..., -0.00938686,
        -0.00924703, -0.00904275],
       ...,
       [-0.01133311, -0.01202372, -0.00938686, ...,  0.11627651,
         0.11331181,  0.10279007],
       [-0.01094339, -0.01174511, -0.00924703, ...,  0.11331181,
         0.11163923,  0.10226806],
       [-0.0096324 , -0.01101446, -0.00904275, ...,  0.10279007,
         0.10226806,  0.09591537]]), 15: array([[ 1.44143457e-03,  1.75772364e-03,  2.39087312e-03, ...,
        -8.21826838e-04, -2.86704285e-04,  2.21060696e-04],
       [ 1.75772364e-03,  2.56515277e-03,  3.71067191e-03, ...,
        -1.08442970e-03, -5.23503856e-04, -5.05341154e-05],
       [ 2.39087312e-03,  3.71067191e-03,  5.79088081e-03, ...,
        -2.12293726e-03, -1.36758405e-03, -7.32227922e-04],
       ...,
       [-8.21826838e-04, -1.08442970e-03, -2.12293726e-03, ...,
         2.29396789e-02,  1.86940594e-02,  1.33081094e-02],
       [-2.86704285e-04, -5.23503856e-04, -1.36758405e-03, ...,
         1.86940594e-02,  1.62618845e-02,  1.28252082e-02],
       [ 2.21060696e-04, -5.05341154e-05, -7.32227922e-04, ...,
         1.33081094e-02,  1.28252082e-02,  1.17174599e-02]]), 16: array([[ 0.03656927,  0.03646399,  0.03536489, ..., -0.00847464,
        -0.01054761, -0.01571355],
       [ 0.03646399,  0.03682921,  0.03595728, ..., -0.00960656,
        -0.01179852, -0.01747267],
       [ 0.03536489,  0.03595728,  0.03535995, ..., -0.00951851,
        -0.01160973, -0.01717667],
       ...,
       [-0.00847464, -0.00960656, -0.00951851, ...,  0.0394328 ,
         0.04258732,  0.05455755],
       [-0.01054761, -0.01179852, -0.01160973, ...,  0.04258732,
         0.04750729,  0.0634941 ],
       [-0.01571355, -0.01747267, -0.01717667, ...,  0.05455755,
         0.0634941 ,  0.09020319]]), 17: array([[ 0.03958435,  0.03807746,  0.03713406, ..., -0.00912183,
        -0.00951858, -0.00922489],
       [ 0.03807746,  0.03747472,  0.0368774 , ..., -0.0097541 ,
        -0.01023067, -0.01010926],
       [ 0.03713406,  0.0368774 ,  0.036763  , ..., -0.00933716,
        -0.00988386, -0.00980298],
       ...,
       [-0.00912183, -0.0097541 , -0.00933716, ...,  0.0249269 ,
         0.02536747,  0.02544182],
       [-0.00951858, -0.01023067, -0.00988386, ...,  0.02536747,
         0.02629954,  0.0268387 ],
       [-0.00922489, -0.01010926, -0.00980298, ...,  0.02544182,
         0.0268387 ,  0.02802377]]), 18: array([[ 0.01788961,  0.0181342 ,  0.01864558, ..., -0.00702719,
        -0.00785805, -0.00592406],
       [ 0.0181342 ,  0.01864635,  0.01929582, ..., -0.00824105,
        -0.00940856, -0.00691778],
       [ 0.01864558,  0.01929582,  0.02013131, ..., -0.00877027,
        -0.01001403, -0.00692778],
       ...,
       [-0.00702719, -0.00824105, -0.00877027, ...,  0.04122965,
         0.05044674,  0.03162246],
       [-0.00785805, -0.00940856, -0.01001403, ...,  0.05044674,
         0.06980921,  0.04494638],
       [-0.00592406, -0.00691778, -0.00692778, ...,  0.03162246,
         0.04494638,  0.03514776]]), 19: array([[ 0.05032469,  0.04970787,  0.04897236, ..., -0.01472864,
        -0.01506837, -0.01014049],
       [ 0.04970787,  0.04925446,  0.04857518, ..., -0.01430833,
        -0.01466445, -0.00998207],
       [ 0.04897236,  0.04857518,  0.04799927, ..., -0.01495968,
        -0.01527327, -0.01029298],
       ...,
       [-0.01472864, -0.01430833, -0.01495968, ...,  0.07942985,
         0.07550861,  0.05242248],
       [-0.01506837, -0.01466445, -0.01527327, ...,  0.07550861,
         0.07277583,  0.05132642],
       [-0.01014049, -0.00998207, -0.01029298, ...,  0.05242248,
         0.05132642,  0.03931951]]), 20: array([[ 0.0036404 ,  0.00358537,  0.0036706 , ...,  0.0008972 ,
         0.00097093,  0.0007881 ],
       [ 0.00358537,  0.00380086,  0.00426701, ...,  0.00070211,
         0.00069553,  0.00044435],
       [ 0.0036706 ,  0.00426701,  0.00556025, ...,  0.0002224 ,
         0.00011098, -0.00025783],
       ...,
       [ 0.0008972 ,  0.00070211,  0.0002224 , ...,  0.00921742,
         0.01021336,  0.01057232],
       [ 0.00097093,  0.00069553,  0.00011098, ...,  0.01021336,
         0.0118748 ,  0.01232626],
       [ 0.0007881 ,  0.00044435, -0.00025783, ...,  0.01057232,
         0.01232626,  0.01381907]]), 21: array([[ 0.00916985,  0.01020115,  0.0109277 , ..., -0.00674125,
        -0.00556781, -0.00434026],
       [ 0.01020115,  0.01188618,  0.01338466, ..., -0.00987826,
        -0.00862624, -0.00711027],
       [ 0.0109277 ,  0.01338466,  0.01620559, ..., -0.01317204,
        -0.012043  , -0.01035726],
       ...,
       [-0.00674125, -0.00987826, -0.01317204, ...,  0.10935288,
         0.10381121,  0.09194862],
       [-0.00556781, -0.00862624, -0.012043  , ...,  0.10381121,
         0.10008041,  0.09034071],
       [-0.00434026, -0.00711027, -0.01035726, ...,  0.09194862,
         0.09034071,  0.08447856]]), 22: array([[ 0.00102754,  0.00110701,  0.00119161, ..., -0.00479554,
        -0.00470155, -0.00389981],
       [ 0.00110701,  0.0012311 ,  0.00132724, ..., -0.00546406,
        -0.00530909, -0.00452548],
       [ 0.00119161,  0.00132724,  0.00148578, ..., -0.00556146,
        -0.00535793, -0.00450733],
       ...,
       [-0.00479554, -0.00546406, -0.00556146, ...,  0.11609546,
         0.11136193,  0.10148116],
       [-0.00470155, -0.00530909, -0.00535793, ...,  0.11136193,
         0.10995808,  0.10155492],
       [-0.00389981, -0.00452548, -0.00450733, ...,  0.10148116,
         0.10155492,  0.10275768]]), 23: array([[ 0.0332683 ,  0.03404128,  0.03421163, ..., -0.00392535,
        -0.00466675, -0.00588745],
       [ 0.03404128,  0.03558278,  0.03664026, ..., -0.00157552,
        -0.00185189, -0.00335338],
       [ 0.03421163,  0.03664026,  0.03905186, ...,  0.00378749,
         0.00469902,  0.00325264],
       ...,
       [-0.00392535, -0.00157552,  0.00378749, ...,  0.07562644,
         0.08967668,  0.09047943],
       [-0.00466675, -0.00185189,  0.00469902, ...,  0.08967668,
         0.10933309,  0.11174984],
       [-0.00588745, -0.00335338,  0.00325264, ...,  0.09047943,
         0.11174984,  0.11736583]]), 24: array([[ 0.00066596,  0.00056183,  0.00043305, ..., -0.00013439,
        -0.00027812, -0.00049503],
       [ 0.00056183,  0.00052181,  0.00042748, ..., -0.00018826,
        -0.00032806, -0.00052572],
       [ 0.00043305,  0.00042748,  0.00039368, ..., -0.00032482,
        -0.00052233, -0.00070284],
       ...,
       [-0.00013439, -0.00018826, -0.00032482, ...,  0.10239596,
         0.10707619,  0.10791335],
       [-0.00027812, -0.00032806, -0.00052233, ...,  0.10707619,
         0.11611819,  0.11779714],
       [-0.00049503, -0.00052572, -0.00070284, ...,  0.10791335,
         0.11779714,  0.12041083]]), 25: array([[ 0.05781435,  0.05141358,  0.04821481, ..., -0.00089426,
        -0.00925339, -0.01137313],
       [ 0.05141358,  0.04627781,  0.04371144, ..., -0.00274743,
        -0.01049691, -0.01242286],
       [ 0.04821481,  0.04371144,  0.04157316, ..., -0.00338454,
        -0.01068557, -0.01248214],
       ...,
       [-0.00089426, -0.00274743, -0.00338454, ...,  0.06903209,
         0.07340184,  0.071351  ],
       [-0.00925339, -0.01049691, -0.01068557, ...,  0.07340184,
         0.09006131,  0.09101256],
       [-0.01137313, -0.01242286, -0.01248214, ...,  0.071351  ,
         0.09101256,  0.09488937]]), 26: array([[ 0.01780339,  0.01789614,  0.0176637 , ..., -0.00490918,
        -0.00439199, -0.00376301],
       [ 0.01789614,  0.01856465,  0.01875672, ..., -0.00346853,
        -0.00214943, -0.0008749 ],
       [ 0.0176637 ,  0.01875672,  0.01943097, ..., -0.00280378,
        -0.00128797,  0.00015998],
       ...,
       [-0.00490918, -0.00346853, -0.00280378, ...,  0.04073678,
         0.05250061,  0.06157575],
       [-0.00439199, -0.00214943, -0.00128797, ...,  0.05250061,
         0.07099153,  0.0852256 ],
       [-0.00376301, -0.0008749 ,  0.00015998, ...,  0.06157575,
         0.0852256 ,  0.10411481]]), 27: array([[ 0.02476291,  0.02507375,  0.02501459, ..., -0.00275133,
        -0.00364439, -0.00357708],
       [ 0.02507375,  0.02548911,  0.02555212, ..., -0.00256017,
        -0.0033229 , -0.00318127],
       [ 0.02501459,  0.02555212,  0.02593846, ..., -0.0025774 ,
        -0.00312597, -0.00276045],
       ...,
       [-0.00275133, -0.00256017, -0.0025774 , ...,  0.03095719,
         0.03271745,  0.03267664],
       [-0.00364439, -0.0033229 , -0.00312597, ...,  0.03271745,
         0.03672545,  0.03837393],
       [-0.00357708, -0.00318127, -0.00276045, ...,  0.03267664,
         0.03837393,  0.04185839]]), 28: array([[0.03916043, 0.03412878, 0.0321438 , ..., 0.01860033, 0.01278092,
        0.00405637],
       [0.03412878, 0.03211478, 0.03003364, ..., 0.01972462, 0.01508541,
        0.0078968 ],
       [0.0321438 , 0.03003364, 0.02978593, ..., 0.01466321, 0.01117925,
        0.00602529],
       ...,
       [0.01860033, 0.01972462, 0.01466321, ..., 0.09861144, 0.09059996,
        0.07014782],
       [0.01278092, 0.01508541, 0.01117925, ..., 0.09059996, 0.0870249 ,
        0.07226844],
       [0.00405637, 0.0078968 , 0.00602529, ..., 0.07014782, 0.07226844,
        0.06861457]]), 29: array([[ 0.02787258,  0.02737112,  0.0257736 , ..., -0.0124729 ,
        -0.01269012, -0.01247306],
       [ 0.02737112,  0.02762033,  0.0269291 , ..., -0.00918119,
        -0.00929456, -0.00904337],
       [ 0.0257736 ,  0.0269291 ,  0.02779548, ..., -0.00125279,
        -0.00131924, -0.00108701],
       ...,
       [-0.0124729 , -0.00918119, -0.00125279, ...,  0.12570983,
         0.12634883,  0.12560731],
       [-0.01269012, -0.00929456, -0.00131924, ...,  0.12634883,
         0.12740513,  0.12690185],
       [-0.01247306, -0.00904337, -0.00108701, ...,  0.12560731,
         0.12690185,  0.12670334]]), 30: array([[ 0.00619021,  0.00837769,  0.00930537, ..., -0.00867439,
        -0.00594162, -0.00211834],
       [ 0.00837769,  0.01291814,  0.01502225, ..., -0.01323482,
        -0.00834573, -0.0019486 ],
       [ 0.00930537,  0.01502225,  0.02050547, ..., -0.00778609,
        -0.00571975, -0.0020242 ],
       ...,
       [-0.00867439, -0.01323482, -0.00778609, ...,  0.10515268,
         0.04954106,  0.00283705],
       [-0.00594162, -0.00834573, -0.00571975, ...,  0.04954106,
         0.03117695,  0.00762911],
       [-0.00211834, -0.0019486 , -0.0020242 , ...,  0.00283705,
         0.00762911,  0.0087022 ]]), 31: array([[ 0.02347947,  0.02427953,  0.02444749, ..., -0.00088021,
        -0.00140908, -0.00116029],
       [ 0.02427953,  0.02522334,  0.02542576, ..., -0.00064575,
        -0.00117701, -0.00090109],
       [ 0.02444749,  0.02542576,  0.02572989, ..., -0.00041494,
        -0.00095493, -0.00066956],
       ...,
       [-0.00088021, -0.00064575, -0.00041494, ...,  0.0325387 ,
         0.03385753,  0.0337296 ],
       [-0.00140908, -0.00117701, -0.00095493, ...,  0.03385753,
         0.03941302,  0.04183525],
       [-0.00116029, -0.00090109, -0.00066956, ...,  0.0337296 ,
         0.04183525,  0.04631192]]), 32: array([[ 0.01755703,  0.01746609,  0.01715511, ..., -0.00816868,
        -0.00597438, -0.00386628],
       [ 0.01746609,  0.01762318,  0.01738709, ..., -0.01000258,
        -0.00733475, -0.00472775],
       [ 0.01715511,  0.01738709,  0.01732648, ..., -0.01101903,
        -0.00807947, -0.00515484],
       ...,
       [-0.00816868, -0.01000258, -0.01101903, ...,  0.08441382,
         0.0631546 ,  0.0407998 ],
       [-0.00597438, -0.00733475, -0.00807947, ...,  0.0631546 ,
         0.04903312,  0.03327446],
       [-0.00386628, -0.00472775, -0.00515484, ...,  0.0407998 ,
         0.03327446,  0.02469893]]), 33: array([[ 0.02744155,  0.02745677,  0.02649284, ..., -0.00048376,
        -0.00125843, -0.0022547 ],
       [ 0.02745677,  0.02813935,  0.02792124, ...,  0.00243125,
         0.00165716,  0.000635  ],
       [ 0.02649284,  0.02792124,  0.0288698 , ...,  0.00522062,
         0.00447689,  0.00342164],
       ...,
       [-0.00048376,  0.00243125,  0.00522062, ...,  0.0336826 ,
         0.03403425,  0.03425054],
       [-0.00125843,  0.00165716,  0.00447689, ...,  0.03403425,
         0.03497781,  0.03577124],
       [-0.0022547 ,  0.000635  ,  0.00342164, ...,  0.03425054,
         0.03577124,  0.03727256]]), 34: array([[ 0.02592887,  0.02547405,  0.02399657, ..., -0.01148004,
        -0.0108503 , -0.01121423],
       [ 0.02547405,  0.02555278,  0.02439191, ..., -0.00961099,
        -0.00906908, -0.00963209],
       [ 0.02399657,  0.02439191,  0.02361127, ..., -0.00735863,
        -0.00682193, -0.00745768],
       ...,
       [-0.01148004, -0.00961099, -0.00735863, ...,  0.04571656,
         0.04406449,  0.04218238],
       [-0.0108503 , -0.00906908, -0.00682193, ...,  0.04406449,
         0.04372971,  0.04245486],
       [-0.01121423, -0.00963209, -0.00745768, ...,  0.04218238,
         0.04245486,  0.04267078]]), 35: array([[ 0.01421211,  0.01342545,  0.0143521 , ..., -0.00223573,
        -0.00218375, -0.00306411],
       [ 0.01342545,  0.01647942,  0.01997031, ..., -0.00242511,
        -0.00130848, -0.00133424],
       [ 0.0143521 ,  0.01997031,  0.02586615, ..., -0.00284658,
        -0.00080958, -0.0002861 ],
       ...,
       [-0.00223573, -0.00242511, -0.00284658, ...,  0.01006311,
         0.00409646,  0.00437301],
       [-0.00218375, -0.00130848, -0.00080958, ...,  0.00409646,
         0.00323657,  0.00425659],
       [-0.00306411, -0.00133424, -0.0002861 , ...,  0.00437301,
         0.00425659,  0.00685122]]), 36: array([[ 0.03300672,  0.03302336,  0.0322149 , ..., -0.00643615,
        -0.00741423, -0.00609347],
       [ 0.03302336,  0.03316784,  0.03243008, ..., -0.00624535,
        -0.00728034, -0.00599087],
       [ 0.0322149 ,  0.03243008,  0.0318528 , ..., -0.00573453,
        -0.00677058, -0.00546846],
       ...,
       [-0.00643615, -0.00624535, -0.00573453, ...,  0.0242162 ,
         0.02398027,  0.02469591],
       [-0.00741423, -0.00728034, -0.00677058, ...,  0.02398027,
         0.02478362,  0.02577279],
       [-0.00609347, -0.00599087, -0.00546846, ...,  0.02469591,
         0.02577279,  0.02761803]]), 37: array([[ 0.02254272,  0.02273686,  0.02183054, ..., -0.00940666,
        -0.00881747, -0.00794501],
       [ 0.02273686,  0.02333756,  0.02252412, ..., -0.00984612,
        -0.00932762, -0.00872465],
       [ 0.02183054,  0.02252412,  0.02196107, ..., -0.00899791,
        -0.00850994, -0.00802613],
       ...,
       [-0.00940666, -0.00984612, -0.00899791, ...,  0.03384299,
         0.03357295,  0.03371105],
       [-0.00881747, -0.00932762, -0.00850994, ...,  0.03357295,
         0.03422034,  0.03484161],
       [-0.00794501, -0.00872465, -0.00802613, ...,  0.03371105,
         0.03484161,  0.03623881]]), 38: array([[ 0.00653411,  0.00496996,  0.00486853, ...,  0.00693578,
        -0.00199811, -0.00251817],
       [ 0.00496996,  0.00421318,  0.00436147, ...,  0.00256896,
        -0.00280962, -0.00295774],
       [ 0.00486853,  0.00436147,  0.00485991, ..., -0.00027035,
        -0.00418464, -0.0042659 ],
       ...,
       [ 0.00693578,  0.00256896, -0.00027035, ...,  0.08511759,
         0.03193563,  0.02421795],
       [-0.00199811, -0.00280962, -0.00418464, ...,  0.03193563,
         0.02504149,  0.02241975],
       [-0.00251817, -0.00295774, -0.0042659 , ...,  0.02421795,
         0.02241975,  0.02460594]]), 39: array([[ 0.02379642,  0.02436996,  0.02441548, ..., -0.01726206,
        -0.01515277, -0.00830205],
       [ 0.02436996,  0.02557376,  0.02604406, ..., -0.01808949,
        -0.01627416, -0.00986627],
       [ 0.02441548,  0.02604406,  0.02688538, ..., -0.01724747,
        -0.01578845, -0.01021695],
       ...,
       [-0.01726206, -0.01808949, -0.01724747, ...,  0.11146064,
         0.09756174,  0.05108834],
       [-0.01515277, -0.01627416, -0.01578845, ...,  0.09756174,
         0.09008165,  0.05498257],
       [-0.00830205, -0.00986627, -0.01021695, ...,  0.05108834,
         0.05498257,  0.04826   ]]), 40: array([[0.01218949, 0.01323851, 0.01377517, ..., 0.00536061, 0.00341994,
        0.00030246],
       [0.01323851, 0.01536114, 0.01613785, ..., 0.00994795, 0.0064446 ,
        0.0013741 ],
       [0.01377517, 0.01613785, 0.01795407, ..., 0.01007171, 0.0059318 ,
        0.00041902],
       ...,
       [0.00536061, 0.00994795, 0.01007171, ..., 0.1045058 , 0.07815558,
        0.04314236],
       [0.00341994, 0.0064446 , 0.0059318 , ..., 0.07815558, 0.06192776,
        0.03787271],
       [0.00030246, 0.0013741 , 0.00041902, ..., 0.04314236, 0.03787271,
        0.02750681]]), 41: array([[ 0.02096696,  0.02019734,  0.01883001, ..., -0.02020701,
        -0.02195644, -0.02260389],
       [ 0.02019734,  0.01964021,  0.01847956, ..., -0.01845891,
        -0.01998884, -0.02038929],
       [ 0.01883001,  0.01847956,  0.0177152 , ..., -0.01508794,
        -0.01607   , -0.01624352],
       ...,
       [-0.02020701, -0.01845891, -0.01508794, ...,  0.11276893,
         0.11810727,  0.12222814],
       [-0.02195644, -0.01998884, -0.01607   , ...,  0.11810727,
         0.1263468 ,  0.13108028],
       [-0.02260389, -0.02038929, -0.01624352, ...,  0.12222814,
         0.13108028,  0.13785575]]), 42: array([[ 0.02612118,  0.02655266,  0.02555486, ..., -0.01660242,
        -0.01749502, -0.01818314],
       [ 0.02655266,  0.02715456,  0.02632814, ..., -0.01702303,
        -0.01797457, -0.01875883],
       [ 0.02555486,  0.02632814,  0.02591191, ..., -0.01658458,
        -0.01757278, -0.01846746],
       ...,
       [-0.01660242, -0.01702303, -0.01658458, ...,  0.06328702,
         0.06282846,  0.06078634],
       [-0.01749502, -0.01797457, -0.01757278, ...,  0.06282846,
         0.06399309,  0.06370182],
       [-0.01818314, -0.01875883, -0.01846746, ...,  0.06078634,
         0.06370182,  0.06632462]]), 43: array([[ 0.01213717,  0.01187066,  0.01158184, ..., -0.00321844,
        -0.0014111 , -0.00126402],
       [ 0.01187066,  0.01190572,  0.01189425, ..., -0.00146903,
         0.00033818,  0.00036108],
       [ 0.01158184,  0.01189425,  0.01218059, ..., -0.00025588,
         0.00148481,  0.00139818],
       ...,
       [-0.00321844, -0.00146903, -0.00025588, ...,  0.123445  ,
         0.11490913,  0.10565718],
       [-0.0014111 ,  0.00033818,  0.00148481, ...,  0.11490913,
         0.11260016,  0.10508323],
       [-0.00126402,  0.00036108,  0.00139818, ...,  0.10565718,
         0.10508323,  0.09937167]]), 44: array([[ 0.02420374,  0.02889376,  0.02922354, ..., -0.01189619,
        -0.01330427, -0.0146375 ],
       [ 0.02889376,  0.03643601,  0.03795184, ..., -0.01227408,
        -0.01304867, -0.01311275],
       [ 0.02922354,  0.03795184,  0.04193953, ..., -0.00661698,
        -0.00520951, -0.00231179],
       ...,
       [-0.01189619, -0.01227408, -0.00661698, ...,  0.04709123,
         0.05525372,  0.06428473],
       [-0.01330427, -0.01304867, -0.00520951, ...,  0.05525372,
         0.06804715,  0.08247746],
       [-0.0146375 , -0.01311275, -0.00231179, ...,  0.06428473,
         0.08247746,  0.10456361]]), 45: array([[ 0.02337861,  0.02339626,  0.02243077, ..., -0.00289594,
        -0.00188133, -0.00129612],
       [ 0.02339626,  0.02401078,  0.02348816, ..., -0.00208024,
        -0.00098998, -0.00038145],
       [ 0.02243077,  0.02348816,  0.02360227, ..., -0.00141856,
        -0.00037073,  0.00017837],
       ...,
       [-0.00289594, -0.00208024, -0.00141856, ...,  0.01714749,
         0.01653949,  0.01595697],
       [-0.00188133, -0.00098998, -0.00037073, ...,  0.01653949,
         0.01642134,  0.01604146],
       [-0.00129612, -0.00038145,  0.00017837, ...,  0.01595697,
         0.01604146,  0.01583576]]), 46: array([[ 0.03185362,  0.03160825,  0.03147567, ..., -0.01380225,
        -0.01340498, -0.01329235],
       [ 0.03160825,  0.03243588,  0.03315197, ..., -0.01349783,
        -0.01317599, -0.01311565],
       [ 0.03147567,  0.03315197,  0.03466012, ..., -0.01361123,
        -0.01332903, -0.01328518],
       ...,
       [-0.01380225, -0.01349783, -0.01361123, ...,  0.04263526,
         0.04018707,  0.03833415],
       [-0.01340498, -0.01317599, -0.01332903, ...,  0.04018707,
         0.03840577,  0.0371022 ],
       [-0.01329235, -0.01311565, -0.01328518, ...,  0.03833415,
         0.0371022 ,  0.03644229]]), 47: array([[ 0.04068101,  0.04031548,  0.03952187, ..., -0.00561338,
        -0.0044708 , -0.00345382],
       [ 0.04031548,  0.04031449,  0.03958135, ..., -0.00555408,
        -0.0044464 , -0.00341423],
       [ 0.03952187,  0.03958135,  0.03916802, ..., -0.00528867,
        -0.00423099, -0.00324379],
       ...,
       [-0.00561338, -0.00555408, -0.00528867, ...,  0.00646411,
         0.00515623,  0.00472415],
       [-0.0044708 , -0.0044464 , -0.00423099, ...,  0.00515623,
         0.00451497,  0.0041388 ],
       [-0.00345382, -0.00341423, -0.00324379, ...,  0.00472415,
         0.0041388 ,  0.00439837]]), 48: array([[ 0.0287176 ,  0.02882785,  0.02993027, ..., -0.00778371,
        -0.00829376, -0.00788397],
       [ 0.02882785,  0.03060509,  0.03211939, ..., -0.00946702,
        -0.00957403, -0.00882577],
       [ 0.02993027,  0.03211939,  0.03489399, ..., -0.00703102,
        -0.00724458, -0.00734457],
       ...,
       [-0.00778371, -0.00946702, -0.00703102, ...,  0.03755149,
         0.03544908,  0.02744855],
       [-0.00829376, -0.00957403, -0.00724458, ...,  0.03544908,
         0.034496  ,  0.02692614],
       [-0.00788397, -0.00882577, -0.00734457, ...,  0.02744855,
         0.02692614,  0.02196772]]), 49: array([[ 0.03041363,  0.03051686,  0.02932064, ..., -0.011665  ,
        -0.01193473, -0.01224466],
       [ 0.03051686,  0.03177209,  0.03159164, ..., -0.00909573,
        -0.00892196, -0.00731084],
       [ 0.02932064,  0.03159164,  0.03334795, ..., -0.00621453,
        -0.00561879, -0.00241673],
       ...,
       [-0.011665  , -0.00909573, -0.00621453, ...,  0.0535796 ,
         0.05720228,  0.06853055],
       [-0.01193473, -0.00892196, -0.00561879, ...,  0.05720228,
         0.06251807,  0.0763523 ],
       [-0.01224466, -0.00731084, -0.00241673, ...,  0.06853055,
         0.0763523 ,  0.09921322]]), 50: array([[ 0.01549115,  0.01537011,  0.01509874, ..., -0.00927234,
        -0.00940913, -0.00335489],
       [ 0.01537011,  0.01531607,  0.01514301, ..., -0.0098565 ,
        -0.01002879, -0.00411152],
       [ 0.01509874,  0.01514301,  0.01523247, ..., -0.00936055,
        -0.00971935, -0.00437657],
       ...,
       [-0.00927234, -0.0098565 , -0.00936055, ...,  0.13163892,
         0.1284176 ,  0.12010863],
       [-0.00940913, -0.01002879, -0.00971935, ...,  0.1284176 ,
         0.12684327,  0.11990153],
       [-0.00335489, -0.00411152, -0.00437657, ...,  0.12010863,
         0.11990153,  0.12423495]]), 51: array([[3.98429128e-04, 3.98461838e-04, 3.46617793e-04, ...,
        1.31001369e-04, 1.19630574e-04, 1.13665127e-04],
       [3.98461838e-04, 4.62456122e-04, 4.48751188e-04, ...,
        1.20432095e-04, 1.07558738e-04, 9.75127022e-05],
       [3.46617793e-04, 4.48751188e-04, 5.36034881e-04, ...,
        1.16977953e-04, 1.02237858e-04, 8.35265613e-05],
       ...,
       [1.31001369e-04, 1.20432095e-04, 1.16977953e-04, ...,
        1.91032315e-04, 1.68344646e-04, 1.51947092e-04],
       [1.19630574e-04, 1.07558738e-04, 1.02237858e-04, ...,
        1.68344646e-04, 1.79171847e-04, 2.02691786e-04],
       [1.13665127e-04, 9.75127022e-05, 8.35265613e-05, ...,
        1.51947092e-04, 2.02691786e-04, 3.74847556e-04]]), 52: array([[ 0.00426855,  0.0051735 ,  0.00677276, ..., -0.0067202 ,
        -0.00683141, -0.00694125],
       [ 0.0051735 ,  0.00716562,  0.00973465, ..., -0.00912648,
        -0.00914787, -0.00922551],
       [ 0.00677276,  0.00973465,  0.0142871 , ..., -0.01270689,
        -0.01275689, -0.01294856],
       ...,
       [-0.0067202 , -0.00912648, -0.01270689, ...,  0.12322964,
         0.12287178,  0.12181679],
       [-0.00683141, -0.00914787, -0.01275689, ...,  0.12287178,
         0.12272348,  0.12179604],
